Berlin	0	392	194	559	303	288	286	353	157	583	585	36	725	211	633	573
Bremen	392	0	474	289	391	124	131	208	254	476	749	363	570	225	629	467
Dresden	194	474	0	583	291	477	367	543	232	499	465	211	641	400	510	489	
Duesseldorf	559	289	583	0	412	403	277	488	419	216	611	529	298	504	404	201
Erfurt	303	391	291	412	0	418	274	514	242	292	397	274	434	475	340	220	
Hamburg	288	124	477	403	418	0	157	95	280	528	775	283	670	110	655	518	
Hannover	286	131	367	277	274	157	0	247	147	384	623	256	526	253	512	374
Kiel	353	208	543	488	514	95	247	0	376	624	872	384	766	160	752	614	
Magdeburg	157	254	232	419	242	280	147	376	0	459	524	125	601	309	572	450	
Mainz	583	476	499	216	292	528	384	624	459	0	430	546	146	622	206	14	
Muenchen	585	749	465	611	397	775	623	872	524	430	0	555	476	757	220	424
Potsdam	36	363	211	529	274	283	256	384	125	546	555	0	695	207	604	543	
Saarbruecken	725	570	641	298	434	670	526	766	601	146	476	695	0	771	262	159	
Schwerin	211	225	400	504	475	110	253	160	309	622	757	207	771	0	757	620	
Stuttgart	633	629	510	404	340	655	512	752	572	206	220	604	262	757	0	214	
Wiesbaden	573	467	489	201	220	518	374	614	450	14	424	543	159	620	214	0	
